24
469
900
827
189
565
577
63
498
712
756
182
203
779
278
460
197
738
692
435
427
155
810
186
115
601
87
18
856
259
5
168
106
902
437
66
942
228
247
180
662
372
133
463
220
592
731
275
293
294
295
447
8
485
891
761
164
828
995
349
885
92
440
916
999
217
367
347
795
608
493
419
934
767
584
362
35
540
354
496
206
23
984
583
966
318
913
579
104
766
431
491
758
840
36
54
817
724
393
384
273
805
424
821
649
274
869
174
972
412
341
299
120
476
569
139
455
532
519
875
866
397
849
945
40
19
602
373
973
21
310
394
122
67
55
754
562
238
914
719
889
300
822
25
42
762
356
205
163
492
176
89
68
421
383
531
747
263
235
582
323
388
204
751
588
454
399
470
833
14
635
619
416
379
227
679
673
666
799
330
109
852
302
401
598
553
873
452
52
726
878
501
989
245
355
596
432
867
968
280
819
201
789
162
994
408
964
387
528
798
193
879
285
410
745
713
951
464
212
801
645
141
378
736
937
718
547
936
102
236
65
429
243
351
820
211
398
337
253
890
986
943
479
262
332
37
30
142
497
260
604
752
232
396
219
230
909
214
279
925
43
927
85
680
538
434
486
647
919
346
960
404
610
481
502
415
41
409
322
716
125
703
80
560
771
548
272
529
970
444
700
824
788
286
340
733
418
884
887
998
746
15
737
509
134
646
170
614
39
64
882
664
112
391
126
595
368
116
366
417
183
782
17
835
597
144
651
542
901
402
865
693
677
70
57
61
590
628
571
445
314
676
757
430
696
701
987
541
348
544
241
73
324
669
558
166
658
218
552
248
837
898
567
802
929
345
127
848
154
234
561
861
199
350
807
868
872
550
740
365
507
804
269
500
991
195
813
725
958
117
969
739
946
331
675
617
689
643
290
517
956
530
886
618
374
338
815
147
549
940
428
209
128
326
34
708
446
705
684
124
791
81
271
808
627
390
930
132
336
910
301
663
169
777
926
525
77
904
407
933
860
785
242
730
49
760
265
714
499
576
515
769
838
284
282
99
611
780
12
190
589
857
642
741
484
1000
298
543
31
605
303
710
143
449
896
698
585
536
442
483
871
78
175
375
364
763
188
729
291
982
270
899
768
503
264
10
11
145
717
697
922
633
823
702
948
672
171
95
744
71
715
360
773
277
620
149
656
993
695
305
403
153
38
380
639
622
98
110
905
97
16
640
631
566
527
732
668
944
344
917
414
976
7
578
570
494
816
480
843
306
50
4
339
105
587
135
385
959
625
521
240
179
129
652
114
103
629
709
797
546
161
924
555
44
88
526
84
90
607
194
222
971
472
832
749
814
468
281
997
681
6
992
748
138
953
26
148
467
855
686
329
313
251
572
457
505
854
759
770
328
593
456
721
60
781
20
478
883
920
511
792
704
974
983
522
196
423
644
720
516
864
224
487
465
33
376
963
573
743
223
422
556
488
862
678
312
621
382
495
246
311
559
178
119
755
167
893
113
616
369
985
140
229
405
568
438
94
146
735
660
636
850
806
533
359
826
239
131
764
477
165
173
841
462
231
851
707
908
591
895
426
634
504
881
473
694
661
907
72
370
56
413
215
441
793
158
474
296
690
200
975
48
523
261
453
685
990
335
130
363
475
699
950
742
181
69
537
776
317
915
978
459
304
448
674
458
961
386
353
545
257
947
371
420
352
187
918
111
325
557
535
888
928
3
506
863
309
319
75
825
897
563
250
783
600
723
358
911
342
406
29
682
202
935
208
191
603
853
923
786
655
941
728
118
59
334
626
750
809
683
613
185
977
711
965
787
47
609
939
121
659
192
27
722
734
226
28
315
461
811
177
818
654
389
518
439
377
829
641
150
967
574
471
320
554
233
51
778
630
184
411
307
100
482
534
333
794
136
834
774
753
86
775
575
297
213
443
514
288
82
979
289
321
107
996
268
1
96
671
512
207
101
952
844
2
892
648
343
606
225
581
564
612
687
172
667
46
361
489
91
266
83
859
903
836
932
912
137
880
688
727
151
765
244
79
796
159
906
58
931
980
846
267
988
874
870
45
921
433
327
490
316
237
510
638
283
357
22
436
632
957
395
513
53
624
160
198
400
466
508
812
258
623
830
221
74
657
962
653
210
152
580
216
615
287
520
831
847
839
955
254
76
845
949
637
123
691
252
13
292
524
93
594
586
706
877
308
62
876
539
599
551
425
938
784
790
665
156
392
670
981
842
256
858
32
255
276
451
803
800
9
954
157
650
108
894
249
450
381
772
